1 1.38125 0.388176 0.491238 0.097873
1.5 1.51152 0.346769 0.4773 0.0944929
2 1.59505 0.310828 0.4559 0.0905577
2.5 1.65427 0.292932 0.429425 0.11402
3 1.48735 0.721474 0.170946 0.627696
3.5 0.648752 1.22712 -0.754715 0.873886
4 0.135352 1.21242 -1.09309 0.591487
4.5 -0.173094 1.14372 -1.15142 0.381584
5 -0.365833 1.07274 -1.12306 0.275975
5.5 -0.506413 1.01003 -1.08435 0.193135
6 -0.618719 0.955099 -1.03706 0.150501
6.5 -0.714465 0.910575 -0.989038 0.147397
7 -0.764737 0.900517 -0.826321 0.546911
7.5 -0.707586 0.958273 -0.390859 0.988242
8 -0.635607 1.01051 -0.052673 1.10322
8.5 -0.574322 1.0462 0.170399 1.10257
9 -0.496082 1.09205 0.342549 1.06156
9.5 -0.425728 1.12529 0.462937 1.00377
10 -0.359657 1.14875 0.555608 0.938754
10.5 -0.289706 1.16692 0.629631 0.872247
11 -0.211534 1.17577 0.608365 0.88664
11.5 -0.120318 1.18237 0.4997 0.973671
12 -0.0448852 1.18223 0.383467 1.03689
12.5 0.0151428 1.18018 0.273866 1.07171
13 0.0643977 1.17734 0.181093 1.08956
13.5 0.103021 1.16512 0.0789546 1.09778
14 0.126425 1.15124 -0.00131875 1.09192
14.5 0.145913 1.13997 -0.0649442 1.08065
15 0.149905 1.13623 -0.0836016 1.08282
15.5 0.142686 1.13595 -0.0726882 1.08895
16 0.133452 1.13589 -0.058996 1.09235
16.5 0.128009 1.14215 -0.0423838 1.09449
17 0.117945 1.14679 -0.0349229 1.09232
17.5 0.10341 1.15595 -0.0133708 1.088
18 0.0859261 1.16567 -0.00122789 1.08153
18.5 0.0676151 1.17219 0.00167062 1.07872
19 0.0561088 1.17275 0.00726577 1.08429
19.5 0.0463051 1.1724 -0.00604344 1.08844
