1 1.53908 0.482117 0.500279 0.099903 -0.1815 2.82561 -0.0257063 3.00597 9786
1.5 1.81605 0.504089 0.500279 0.099903 -0.137058 2.8625 -0.0257063 3.00597 9786
2 2.09302 0.533441 0.500279 0.099903 -0.0852049 2.90097 -0.0257063 3.00597 9786
2.5 2.36963 0.567994 0.500055 0.0995111 -0.0464039 2.89639 -0.0427504 2.98544 9786
3 2.64148 0.597158 0.496899 0.0968312 -0.105369 2.73267 -0.0913378 2.9853 9786
3.5 2.8965 0.604969 0.485277 0.0958612 -0.292294 2.60734 -0.13718 2.86436 9786
4 3.11477 0.580953 0.4571 0.106206 -0.5643 2.77981 -0.385335 2.85172 9786
4.5 3.27401 0.529842 0.410487 0.129052 -0.840814 3.28829 -0.513039 2.52154 9786
5 3.36357 0.480516 0.350301 0.15302 -0.958674 3.68176 -0.335816 1.96538 9786
5.5 3.37831 0.460547 0.280483 0.168148 -0.920179 3.56219 -0.00703529 1.70549 9786
6 3.32774 0.488468 0.213078 0.173335 -0.863069 3.3876 0.315347 1.82903 9786
6.5 3.22355 0.55316 0.151539 0.170589 -0.81859 3.296 0.602199 2.2374 9786
7 3.07885 0.635666 0.0975403 0.163043 -0.72993 3.11419 0.843997 2.86068 9786
7.5 2.90384 0.721524 0.0503874 0.152434 -0.617371 2.92424 1.02373 3.61221 9786
8 2.70642 0.803454 0.0106397 0.142285 -0.511095 2.792 1.13407 4.39373 9786
8.5 2.49354 0.880448 -0.0235316 0.132706 -0.417599 2.72184 1.15454 5.01844 9786
9 2.26965 0.952524 -0.0529274 0.124582 -0.34078 2.69953 1.09354 5.37839 9786
9.5 2.03783 1.02043 -0.0779478 0.119265 -0.280401 2.70784 1.01438 5.55242 9786
10 1.80026 1.0853 -0.100322 0.114383 -0.23336 2.73439 0.883034 5.47682 9786
10.5 1.55863 1.14851 -0.119962 0.11128 -0.194837 2.77372 0.778222 5.38894 9786
11 1.31338 1.20968 -0.137868 0.108193 -0.167619 2.81429 0.635182 5.09877 9786
11.5 1.06536 1.26961 -0.153925 0.106162 -0.148422 2.85373 0.520232 4.78661 9786
12 0.815152 1.32874 -0.16838 0.104704 -0.133979 2.88728 0.437282 4.52866 9786
12.5 0.563358 1.38625 -0.181495 0.103093 -0.117978 2.8929 0.343834 4.10695 9786
13 0.310586 1.44121 -0.193081 0.102642 -0.0979574 2.86962 0.334707 3.97521 9786
13.5 0.0579334 1.4926 -0.202426 0.103327 -0.0687626 2.82368 0.434586 4.10274 9786
14 -0.192265 1.53657 -0.209165 0.10602 -0.0177219 2.74586 0.687907 4.67814 9786
14.5 -0.437667 1.56996 -0.213015 0.110742 0.0553157 2.65598 0.992245 5.31197 9786
15 -0.677107 1.59403 -0.215132 0.117407 0.137825 2.59494 1.26975 5.85634 9786
15.5 -0.90764 1.60651 -0.214343 0.126219 0.230541 2.56443 1.46853 5.99763 9786
16 -1.12758 1.6091 -0.210219 0.137222 0.324706 2.57841 1.56823 5.71681 9786
16.5 -1.33287 1.59986 -0.203228 0.14945 0.423738 2.63377 1.56134 5.13743 9786
17 -1.52083 1.58036 -0.191471 0.163282 0.521994 2.73097 1.46194 4.34064 9786
17.5 -1.68792 1.55147 -0.177258 0.1767 0.618282 2.8653 1.31299 3.5931 9786
18 -1.83101 1.51497 -0.159508 0.189557 0.709888 3.02331 1.13376 2.92028 9786
18.5 -1.94838 1.47505 -0.138952 0.201041 0.791994 3.1898 0.938209 2.36529 9786
19 -2.03982 1.43757 -0.11911 0.21037 0.857957 3.34429 0.769208 1.98445 9786
19.5 -2.10551 1.40803 -0.096917 0.217864 0.904183 3.46831 0.591105 1.68441 9786
